-7.289121747016906738e-01 -5.075268149375915527e-01 1.256678700447082520e-01 1.000000000000000000e+00
-7.154601812362670898e-01 -3.108760714530944824e-01 1.709057539701461792e-01 1.000000000000000000e+00
-6.840202212333679199e-01 -8.936864882707595825e-02 2.117140442132949829e-01 1.000000000000000000e+00
-6.376948952674865723e-01 1.104396507143974304e-01 1.636181771755218506e-01 0.000000000000000000e+00
-5.812746882438659668e-01 3.038302659988403320e-01 4.677205532789230347e-02 1.000000000000000000e+00
-4.876848161220550537e-01 4.658041596412658691e-01 -1.285684555768966675e-01 1.000000000000000000e+00
-3.519309163093566895e-01 6.006420850753784180e-01 -2.552471458911895752e-01 1.000000000000000000e+00
-1.819542497396469116e-01 7.039272785186767578e-01 -4.097157418727874756e-01 1.000000000000000000e+00
6.160941906273365021e-03 7.405998110771179199e-01 -4.311204552650451660e-01 1.000000000000000000e+00
1.698891222476959229e-01 7.014309763908386230e-01 -4.166917204856872559e-01 1.000000000000000000e+00
3.425211608409881592e-01 6.009454727172851562e-01 -2.731590569019317627e-01 1.000000000000000000e+00
4.786081612110137939e-01 4.684834480285644531e-01 -1.574714630842208862e-01 1.000000000000000000e+00
5.751482844352722168e-01 3.082356750965118408e-01 8.379376493394374847e-03 1.000000000000000000e+00
6.370792388916015625e-01 1.171100214123725891e-01 1.182556524872779846e-01 0.000000000000000000e+00
6.953347921371459961e-01 -7.446900010108947754e-02 1.618206053972244263e-01 1.000000000000000000e+00
7.276642918586730957e-01 -2.947666049003601074e-01 1.137087568640708923e-01 1.000000000000000000e+00
7.556760311126708984e-01 -4.918968975543975830e-01 7.242496311664581299e-02 1.000000000000000000e+00
-6.240757107734680176e-01 -5.435366034507751465e-01 -3.679201602935791016e-01 1.000000000000000000e+00
-5.413329601287841797e-01 -6.926710009574890137e-01 -5.475071668624877930e-01 1.000000000000000000e+00
-3.970846235752105713e-01 -7.086204290390014648e-01 -6.928994059562683105e-01 1.000000000000000000e+00
-2.424669712781906128e-01 -6.749802231788635254e-01 -7.649269104003906250e-01 1.000000000000000000e+00
-1.083827465772628784e-01 -6.191755533218383789e-01 -7.849044203758239746e-01 1.000000000000000000e+00
9.696085005998611450e-02 -6.177726984024047852e-01 -7.928263545036315918e-01 1.000000000000000000e+00
2.335821241140365601e-01 -6.677524447441101074e-01 -7.843503952026367188e-01 1.000000000000000000e+00
3.920028209686279297e-01 -6.952754259109497070e-01 -7.204130291938781738e-01 1.000000000000000000e+00
5.400510430335998535e-01 -6.789619326591491699e-01 -5.788481831550598145e-01 1.000000000000000000e+00
6.242741346359252930e-01 -5.325642228126525879e-01 -4.046963453292846680e-01 1.000000000000000000e+00
-8.963163942098617554e-03 -4.628700911998748779e-01 -7.949092984199523926e-01 1.000000000000000000e+00
-1.181239727884531021e-02 -3.288958966732025146e-01 -8.646623492240905762e-01 1.000000000000000000e+00
-1.643127575516700745e-02 -2.157724350690841675e-01 -9.329894781112670898e-01 1.000000000000000000e+00
-1.830336637794971466e-02 -1.006315276026725769e-01 -9.868954420089721680e-01 1.000000000000000000e+00
-1.597318053245544434e-01 -1.940277032554149628e-02 -7.371293902397155762e-01 1.000000000000000000e+00
-9.069822728633880615e-02 1.301218103617429733e-02 -7.702495455741882324e-01 1.000000000000000000e+00
-1.798043213784694672e-02 3.375439345836639404e-02 -7.857365608215332031e-01 1.000000000000000000e+00
5.662651732563972473e-02 1.508543081581592560e-02 -7.755312323570251465e-01 1.000000000000000000e+00
1.282092034816741943e-01 -1.383851561695337296e-02 -7.459585666656494141e-01 1.000000000000000000e+00
-4.791631400585174561e-01 -4.512323141098022461e-01 -5.408779978752136230e-01 1.000000000000000000e+00
-3.890050053596496582e-01 -4.958282411098480225e-01 -6.476114988327026367e-01 1.000000000000000000e+00
-2.895965576171875000e-01 -4.886270165443420410e-01 -6.565008163452148438e-01 1.000000000000000000e+00
-1.975160390138626099e-01 -4.328444302082061768e-01 -6.216136813163757324e-01 1.000000000000000000e+00
-2.864474952220916748e-01 -4.046543538570404053e-01 -6.295550465583801270e-01 1.000000000000000000e+00
-3.834070563316345215e-01 -4.029354751110076904e-01 -6.173619031906127930e-01 1.000000000000000000e+00
1.838475912809371948e-01 -4.258572757244110107e-01 -6.348900794982910156e-01 1.000000000000000000e+00
2.754335701465606689e-01 -4.752969741821289062e-01 -6.754772067070007324e-01 1.000000000000000000e+00
3.755055963993072510e-01 -4.811496436595916748e-01 -6.728764772415161133e-01 1.000000000000000000e+00
4.706509411334991455e-01 -4.379333853721618652e-01 -5.712426900863647461e-01 1.000000000000000000e+00
3.678065836429595947e-01 -3.927583694458007812e-01 -6.426721215248107910e-01 1.000000000000000000e+00
2.710843682289123535e-01 -3.967266380786895752e-01 -6.488683819770812988e-01 1.000000000000000000e+00
-3.118486106395721436e-01 1.860984563827514648e-01 -4.798345565795898438e-01 1.000000000000000000e+00
-2.226975411176681519e-01 1.531396210193634033e-01 -6.281881928443908691e-01 1.000000000000000000e+00
-9.452951699495315552e-02 1.540100574493408203e-01 -7.170847654342651367e-01 1.000000000000000000e+00
-1.663951203227043152e-02 1.628040373325347900e-01 -7.280960083007812500e-01 1.000000000000000000e+00
6.234088912606239319e-02 1.565460115671157837e-01 -7.240803241729736328e-01 1.000000000000000000e+00
1.907356828451156616e-01 1.608417034149169922e-01 -6.438217759132385254e-01 1.000000000000000000e+00
2.914710938930511475e-01 1.880974173545837402e-01 -4.966284036636352539e-01 1.000000000000000000e+00
1.993506252765655518e-01 3.003919124603271484e-01 -5.845633149147033691e-01 1.000000000000000000e+00
7.305020093917846680e-02 3.443703055381774902e-01 -6.605734825134277344e-01 1.000000000000000000e+00
-1.294359099119901657e-02 3.517981469631195068e-01 -6.677840352058410645e-01 1.000000000000000000e+00
-9.707295894622802734e-02 3.442434668540954590e-01 -6.546195745468139648e-01 1.000000000000000000e+00
-2.266309559345245361e-01 3.006309270858764648e-01 -5.710715055465698242e-01 1.000000000000000000e+00
-3.057769536972045898e-01 1.889217346906661987e-01 -4.765500724315643311e-01 1.000000000000000000e+00
-9.623136371374130249e-02 1.921962648630142212e-01 -6.323063969612121582e-01 0.000000000000000000e+00
-1.551496423780918121e-02 1.908287107944488525e-01 -6.405237317085266113e-01 0.000000000000000000e+00
6.590490788221359253e-02 1.945972144603729248e-01 -6.402094364166259766e-01 0.000000000000000000e+00
2.893969416618347168e-01 1.875191926956176758e-01 -4.972129762172698975e-01 1.000000000000000000e+00
7.367804646492004395e-02 2.715910971164703369e-01 -6.153476834297180176e-01 1.000000000000000000e+00
-1.053332351148128510e-02 2.769147753715515137e-01 -6.309752464294433594e-01 1.000000000000000000e+00
-9.823867678642272949e-02 2.718334496021270752e-01 -6.082057952880859375e-01 1.000000000000000000e+00
