-7.142390608787536621e-01 -4.892824888229370117e-01
-6.999280452728271484e-01 -2.824560403823852539e-01
-6.764101386070251465e-01 -1.007685735821723938e-01
-6.559939384460449219e-01 8.139638602733612061e-02
-6.076601743698120117e-01 2.578660249710083008e-01
-5.145390033721923828e-01 4.226580858230590820e-01
-3.764363825321197510e-01 5.745959877967834473e-01
-1.853301227092742920e-01 7.001212239265441895e-01
-6.871833931654691696e-03 7.347099781036376953e-01
1.725330352783203125e-01 6.983165144920349121e-01
3.573634326457977295e-01 5.834305882453918457e-01
5.002640485763549805e-01 4.383868277072906494e-01
5.975012779235839844e-01 2.732556760311126709e-01
6.508708596229553223e-01 9.300819784402847290e-02
6.854123473167419434e-01 -9.592895209789276123e-02
7.145460844039916992e-01 -2.840410768985748291e-01
7.444839477539062500e-01 -4.869289100170135498e-01
-6.240757107734680176e-01 -5.435366034507751465e-01
-5.413329601287841797e-01 -6.926710009574890137e-01
-3.970846235752105713e-01 -7.086204290390014648e-01
-2.424669712781906128e-01 -6.749802231788635254e-01
-1.083827465772628784e-01 -6.191755533218383789e-01
9.696085005998611450e-02 -6.177726984024047852e-01
2.335821241140365601e-01 -6.677524447441101074e-01
3.920028209686279297e-01 -6.952754259109497070e-01
5.400510430335998535e-01 -6.789619326591491699e-01
6.242741346359252930e-01 -5.325642228126525879e-01
-8.963163942098617554e-03 -4.628700911998748779e-01
-1.181239727884531021e-02 -3.288958966732025146e-01
-1.643127575516700745e-02 -2.157724350690841675e-01
-1.830336637794971466e-02 -1.006315276026725769e-01
-1.597318053245544434e-01 -1.940277032554149628e-02
-9.069822728633880615e-02 1.301218103617429733e-02
-1.798043213784694672e-02 3.375439345836639404e-02
5.662651732563972473e-02 1.508543081581592560e-02
1.282092034816741943e-01 -1.383851561695337296e-02
-4.791631400585174561e-01 -4.512323141098022461e-01
-3.890050053596496582e-01 -4.958282411098480225e-01
-2.895965576171875000e-01 -4.886270165443420410e-01
-1.975160390138626099e-01 -4.328444302082061768e-01
-2.864474952220916748e-01 -4.046543538570404053e-01
-3.834070563316345215e-01 -4.029354751110076904e-01
1.838475912809371948e-01 -4.258572757244110107e-01
2.754335701465606689e-01 -4.752969741821289062e-01
3.755055963993072510e-01 -4.811496436595916748e-01
4.706509411334991455e-01 -4.379333853721618652e-01
3.678065836429595947e-01 -3.927583694458007812e-01
2.710843682289123535e-01 -3.967266380786895752e-01
-3.118486106395721436e-01 1.860984563827514648e-01
-2.226975411176681519e-01 1.531396210193634033e-01
-9.452951699495315552e-02 1.540100574493408203e-01
-1.663951203227043152e-02 1.628040373325347900e-01
6.234088912606239319e-02 1.565460115671157837e-01
1.907356828451156616e-01 1.608417034149169922e-01
2.914710938930511475e-01 1.880974173545837402e-01
1.993506252765655518e-01 3.003919124603271484e-01
7.305020093917846680e-02 3.443703055381774902e-01
-1.294359099119901657e-02 3.517981469631195068e-01
-9.707295894622802734e-02 3.442434668540954590e-01
-2.266309559345245361e-01 3.006309270858764648e-01
-3.057769536972045898e-01 1.889217346906661987e-01
-9.623136371374130249e-02 1.921962648630142212e-01
-1.551496423780918121e-02 1.908287107944488525e-01
6.590490788221359253e-02 1.945972144603729248e-01
2.893969416618347168e-01 1.875191926956176758e-01
7.367804646492004395e-02 2.715910971164703369e-01
-1.053332351148128510e-02 2.769147753715515137e-01
-9.823867678642272949e-02 2.718334496021270752e-01
